-4. -13.558904196763413
-3.9951114040084996 -13.539352528562972
-3.990226265509777 -13.519814783168417
-3.985336679953529 -13.50025935238416
-3.98045170796671 -13.480722478347596
-3.9755635934478586 -13.461173146018151
-3.9706730496096165 -13.441614212194843
-3.9657887947750954 -13.422080548040178
-3.9608993205172647 -13.402526131064429
-3.9560132587237478 -13.38298548564375
-3.951123342833902 -13.363429553356408
-3.9462379848717837 -13.343891977827784
-3.9413500527346286 -13.324344237693744
-3.936460240694365 -13.304789110656582
-3.931572930537611 -13.285244120642151
-3.926684979439372 -13.265696698987817
-3.9217970174963144 -13.246149364989401
-3.916909653890099 -13.22660455369069
-3.9120234773577494 -13.207064617755062
-3.907135549775455 -13.187517625824789
-3.9022500057147482 -13.16797972987545
-3.8973605163087 -13.148426180078468
-3.8924746028426527 -13.12888706161299
-3.8875860496292054 -13.109337523905728
-3.8826988683436507 -13.089793615943902
-3.8778103440724236 -13.070244486437854
-3.87292437164716 -13.050705715995212
-3.868035064543854 -13.031153769622758
-3.863146311873941 -13.011604204188878
-3.8582587043428638 -12.9920593858382
-3.85337281262482 -12.972521600096862
-3.848486123949927 -12.952980802000452
-3.843596243541322 -12.93342741831553
-3.838709878240928 -12.91388827024877
-3.833821595288505 -12.894341635490353
-3.8289349962843184 -12.874801916978974
-3.82404773741915 -12.8552597434348
-3.819160449157563 -12.835717636168628
-3.81427090928545 -12.816166709429247
-3.8093854021020506 -12.796632090251212
-3.804496095432679 -12.777081885677516
-3.799609200236577 -12.757541344544105
-3.79472253777123 -12.738001921094844
-3.789834031827774 -12.718455321511197
-3.7849469994936964 -12.698914816639105
-3.780059383082006 -12.679372186049003
-3.7751718106758503 -12.6598299479074
-3.770282330505189 -12.640280304918019
-3.765396675987637 -12.620746186976461
-3.7605078219869514 -12.601199511398713
-3.755621431937928 -12.581662927136922
-3.750733139586486 -12.562118982038145
-3.745846035999689 -12.54258003906046
-3.7409582983159275 -12.523038814293377
-3.7360705563244343 -12.503497829300965
-3.7311834189081114 -12.483959521487911
-3.726295162019708 -12.464417001026797
-3.7214087183677496 -12.444881994628973
-3.7165201139652546 -12.425338616888983
-3.7116322653281553 -12.405798528662068
-3.7067457561452444 -12.386263830310426
-3.7018567783110687 -12.366719041666602
-3.6969703459727765 -12.347184702930772
-3.692082708263431 -12.327645829069349
-3.6871945138996196 -12.30810502306148
-3.6823063902710014 -12.288564802180229
-3.6774189439107996 -12.269027599860415
-3.6725327609662015 -12.249495767567076
-3.667644366929801 -12.229955424785453
-3.6627564419414553 -12.210417292910511
-3.657869579236847 -12.190883750650517
-3.6529823986750514 -12.17134928850925
-3.648093587909013 -12.151808667998923
-3.6432057200126455 -12.132272180285737
-3.6383193724700784 -12.112742139368738
-3.6334313684144313 -12.093205853495952
-3.628544218086983 -12.073673360967538
-3.623656675916322 -12.054139688461188
-3.6187675582620327 -12.03460011013741
-3.6138810969019146 -12.015071542416223
-3.608992516514168 -11.995534904448402
-3.6041059872585595 -11.976006259095247
-3.59921859763415 -11.95647448445503
-3.594330984810699 -11.936942234540016
-3.589442077454057 -11.91740524039382
-3.584555864818055 -11.897879455585462
-3.5796679159748086 -11.878347185261193
-3.574780528795967 -11.858817623333518
-3.569892680083282 -11.839286692361561
-3.565004993938781 -11.819756897097298
-3.560118073684672 -11.800230658739745
-3.5552293831189155 -11.78069785411949
-3.550342674408081 -11.761173485079143
-3.5454539154364157 -11.74164145147333
-3.540566799041492 -11.722116516803155
-3.5356788972956013 -11.702588990054608
-3.530792319337312 -11.683067306122377
-3.5259047139869013 -11.66354208057902
-3.5210167240402437 -11.644015889692353
-3.516128971097952 -11.624491224418824
-3.511242056035814 -11.604970492275553
-3.5063537722663063 -11.585444621013815
-3.5014661521761092 -11.565921607425343
-3.496578419842891 -11.546398757081672
-3.491691187729232 -11.526878531851855
-3.4868037155217437 -11.507357990222637
-3.481915302483115 -11.487834348960975
-3.477027891442246 -11.468315382538469
-3.472140769724335 -11.448798259373419
-3.4672532626198667 -11.429280299702683
-3.462365991575058 -11.409763999797969
-3.4574783120495964 -11.390246800196632
-3.4525908463208723 -11.370731199918398
-3.447702978375772 -11.351214753199704
-3.442815330354238 -11.331699957897131
-3.4379273132073798 -11.312184475658057
-3.4330395480323506 -11.292670799516085
-3.428152635212566 -11.27316133916897
-3.423264853020363 -11.253649233954288
-3.4183768390725064 -11.234137042070703
-3.413489209904259 -11.214627236879203
-3.4086025614398334 -11.195122208775992
-3.4037141686457786 -11.175610543774653
-3.3988268743259664 -11.156104117231909
-3.3939390990246316 -11.136596677290902
-3.3890514674619343 -11.117090736931619
-3.3841645835649596 -11.097588725595692
-3.3792769507991194 -11.078084690496889
-3.37438920272437 -11.058581179425959
-3.3695019519109346 -11.039080655823556
-3.3646137793307815 -11.019577476918123
-3.3597263187708224 -11.000078180404858
-3.3548391720703283 -10.980581196352983
-3.3499509930162628 -10.961081173178131
-3.3450633860603713 -10.941584530250411
-3.3401759903812214 -10.922089846578606
-3.3352884676946757 -10.90259579126396
-3.3304005015126164 -10.883101120526193
-3.3255136343440683 -10.863612004329726
-3.3206257120822773 -10.844119870032195
-3.3157382770710933 -10.824630886362222
-3.310850144851809 -10.805140348084445
-3.305962825967246 -10.78565406527207
-3.3010751646389265 -10.766167430490894
-3.296187780945153 -10.746683184643002
-3.2913004249293527 -10.727200355327863
-3.2864128644272235 -10.707718041335832
-3.281524884457006 -10.688235410204205
-3.2766371077733227 -10.668754968437995
-3.2717501363801293 -10.649279139140628
-3.2668621433773954 -10.62980066596485
-3.2619745654023165 -10.610325298342632
-3.2570872123519803 -10.590852302705475
-3.252199132917412 -10.571377913130924
-3.2473117276107812 -10.551907733564283
-3.2424240647825497 -10.53243807654626
-3.237536761692352 -10.512971425012202
-3.2326489308725836 -10.493504268327023
-3.2277611986161947 -10.47403912523315
-3.222874170387325 -10.454578430679152
-3.217986279040489 -10.43511596829496
-3.2130988714123485 -10.415657125139239
-3.208211137162825 -10.396198689662338
-3.203323695872205 -10.376742781604907
-3.1984357747699397 -10.35728672973084
-3.193548676752738 -10.33783574955881
-3.1886609712796683 -10.318384177033993
-3.183773287243427 -10.29893454510092
-3.1788855770035065 -10.279486694104012
-3.1739978018483397 -10.260040500085681
-3.1691105726852333 -10.240598423396088
-3.1642225782959255 -10.221155278180271
-3.1593350797053006 -10.201716110944664
-3.1544474295587555 -10.182278377159864
-3.149560241593372 -10.162844547923765
-3.1446722910645395 -10.143409783870803
-3.139784811302407 -10.123979019697165
-3.134897210338611 -10.104549932550581
-3.130009515023863 -10.085122660225812
-3.1251223372129795 -10.0656996654032
-3.1202345497918067 -10.046276499788906
-3.1153467817553433 -10.026855694503318
-3.110459641209615 -10.007439696599187
-3.105572054425692 -9.988024062472226
-3.100684097293095 -9.968609172112268
-3.095796932405341 -9.949199840782567
-3.0909090003107624 -9.929789912266209
-3.0860214647171373 -9.910384045288739
-3.0811338741201646 -9.89098048450575
-3.076246321385803 -9.871579636441682
-3.071358902075807 -9.85218191835754
-3.0664712081351193 -9.83278574914154
-3.061583356944649 -9.813391633504976
-3.056695962505409 -9.794002046234066
-3.0518086396247712 -9.774615497752745
-3.0469210268224707 -9.755230593633875
-3.04203326398572 -9.73584792858808
-3.0371454917680274 -9.716468100294948
-3.0322578514511447 -9.697091708843827
-3.0273704848122853 -9.677719356195745
-3.022483076626561 -9.658349833182491
-3.01759533238588 -9.638982013749231
-3.012707871987442 -9.619618395335381
-3.0078199680861 -9.600256102059348
-3.0029326814428083 -9.580899103550665
-2.9980457354481347 -9.561546655494142
-2.993157589705395 -9.542192705837826
-2.98826889293734 -9.52283987239159
-2.9833802725352965 -9.503490687226403
-2.978496468156546 -9.484163953173352
-2.973605666561737 -9.464812972601568
-2.968720833351029 -9.445489095496498
-2.9638303902904 -9.426146568832195
-2.9589430357594027 -9.406819848915188
-2.9540553688435267 -9.387495534435978
-2.949168008625274 -9.36817612392618
-2.9442815535216305 -9.34886403280553
-2.9393928044754447 -9.329546671232173
-2.934506181754147 -9.310241557812084
-2.9296185298913 -9.290936277922343
-2.9247304917584525 -9.271633425621312
-2.919842689029816 -9.252335509700929
-2.9149557226527203 -9.233044955567037
-2.91007017331775 -9.213764107118996
-2.9051796196452 -9.194467555063877
-2.9002917416778122 -9.175185717071262
-2.8954070593743086 -9.155920765377887
-2.890519323796108 -9.136648113730807
-2.885629245043927 -9.117370629400748
-2.8807441107220635 -9.098117098418268
-2.875854574938346 -9.078850746840477
-2.8709678465291337 -9.059600043889125
-2.866081250114556 -9.040354508544453
-2.8611922347822856 -9.021104160611662
-2.856304609586887 -9.001864063384659
-2.851418937075622 -8.982636490790336
-2.8465296601794314 -8.963399640505287
-2.841643539814443 -8.944180179708928
-2.8367551148829486 -8.9249566923809
-2.831868019734339 -8.905743538987098
-2.826979902873982 -8.886531542136302
-2.822091407102721 -8.86732329896634
-2.8172031540216653 -8.848121321331105
-2.812315744502869 -8.828928037684113
-2.807429759159679 -8.809745785444859
-2.8025402462053965 -8.790555165877915
-2.7976533830494557 -8.771380540657034
-2.7927669951895964 -8.75221344586421
-2.7878790102877753 -8.733045828970925
-2.7829900901957942 -8.713880365013075
-2.778103480617923 -8.694729851254028
-2.7732171368480483 -8.675586346619502
-2.768329110781863 -8.656442299105809
-2.7634400671173576 -8.637300395511298
-2.7585531396543534 -8.618172982717882
-2.753666403657808 -8.599052603041937
-2.748778025776677 -8.579932166928115
-2.7438910776000243 -8.560823770898589
-2.739003738952901 -8.541720378613991
-2.7341142768814692 -8.522615305151719
-2.7292280275731646 -8.503529483472562
-2.724340888351505 -8.484446969115414
-2.7194534972725046 -8.465370342250337
-2.7145642204402622 -8.44629331733753
-2.709678181123007 -8.427235969811225
-2.7047892776405695 -8.408174681906575
-2.699902566530601 -8.389129203389338
-2.6950142797933276 -8.370084901803681
-2.6901272063852195 -8.351052733823286
-2.685239810622247 -8.332026808178842
-2.6803527118165773 -8.313009628082504
-2.675464451538533 -8.29399561363131
-2.670577711330628 -8.274995288679612
-2.6656890265208295 -8.255995278384418
-2.660801059538223 -8.2370060295863
-2.6559143953745212 -8.218029907214376
-2.651025710091145 -8.199054103684453
-2.6461395253809155 -8.180096268366432
-2.641250662684595 -8.161136409886874
-2.6363635799805594 -8.142191920770902
-2.6314769677522407 -8.123257821343886
-2.6265877424641393 -8.104322273089755
-2.621700235251862 -8.085402157150646
-2.6168132005251006 -8.066492751502425
-2.611925453982459 -8.047589581189026
-2.6070376279966365 -8.028695253905502
-2.6021503339761596 -8.009812334779012
-2.597262444738963 -7.99093643268441
-2.5923745888404337 -7.972070084969703
-2.5874873739559705 -7.953215744647989
-2.5825997262930094 -7.9343693790289604
-2.5777122689236496 -7.915533502892319
-2.57282560416497 -7.8967105471542105
-2.567937102215595 -7.87789049894373
-2.563050608973178 -7.8590882786195335
-2.5581619555135062 -7.8402879613456395
-2.5532749278302482 -7.821504225497735
-2.5483870099766928 -7.802727516460583
-2.543498840311274 -7.783960409200898
-2.5386125371464954 -7.7652111513883435
-2.533724193953224 -7.746464875051006
-2.5288374227132744 -7.7277355555609315
-2.5239498771738464 -7.7090143212086435
-2.519062191706274 -7.69030372942189
-2.514173560752586 -7.671600825720044
-2.509286027815833 -7.652913554196683
-2.504398777764582 -7.634238791595349
-2.4995110379490253 -7.615573812256479
-2.494623433367597 -7.596921167628434
-2.489736568219713 -7.578283293532851
-2.484848373823266 -7.559652436791576
-2.479960814647114 -7.541036222802994
-2.475073181520097 -7.522432084859822
-2.470186085596654 -7.5038424851099945
-2.4652975817554563 -7.485260166790258
-2.4604108331686585 -7.466697292284542
-2.4555226709135707 -7.44814196364303
-2.450634976618931 -7.429601469177439
-2.445748343471537 -7.411078195835667
-2.440859749014138 -7.39256083437599
-2.435972237628676 -7.374061065145134
-2.4310852101699654 -7.355576759807151
-2.4261969415883375 -7.337101543834776
-2.4213103735462744 -7.318646681174916
-2.4164226590719564 -7.300201566268034
-2.4115344449544525 -7.281768796823774
-2.4066474644211033 -7.263354787963604
-2.4017589989924164 -7.244949200354197
-2.3968718731131653 -7.226563339353008
-2.3919845089255443 -7.208191428477169
-2.3870964639756673 -7.189831974421935
-2.3822094168297 -7.171491447206728
-2.3773218720530536 -7.153164400213171
-2.3724344548322036 -7.134853348442627
-2.367546757199953 -7.11655693416994
-2.3626583961677774 -7.09827389935245
-2.357770992548877 -7.080010476593285
-2.3528841444313997 -7.0617653294482485
-2.347996506201849 -7.043533608995713
-2.3431087127914134 -7.025317863043116
-2.338221378110892 -7.00712055339233
-2.3333332241992655 -6.988937099798263
-2.3284458123361294 -6.970773487336689
-2.3235578968340795 -6.95262526278981
-2.318671007814455 -6.9344982825510275
-2.3137830362005993 -6.916384902254704
-2.3088955112220915 -6.898290971171923
-2.3040081521446556 -6.880213851613781
-2.299119832501214 -6.862151090988405
-2.2942329033370257 -6.844111814784987
-2.2893453903345167 -6.826088940652448
-2.2844570854616593 -6.808081920580872
-2.2795702773814157 -6.790099393551177
-2.274682254952244 -6.772131594842909
-2.2697944756456376 -6.7541841020740145
-2.2649067408778154 -6.736256399673771
-2.260019657907373 -6.7183509269206345
-2.2551322506355285 -6.700464322431309
-2.2502443657110716 -6.682596247515526
-2.2453566277847266 -6.664749205889655
-2.240468885181547 -6.646922861520523
-2.235581746796916 -6.62911965035015
-2.230694323651501 -6.611336551180527
-2.2258065033685637 -6.593573379025766
-2.220918907901597 -6.575832614798925
-2.2160314242789285 -6.5581140655805505
-2.2111439512301407 -6.540417582516535
-2.206256398745774 -6.522741342516536
-2.201368687648783 -6.505084625647755
-2.196480749177419 -6.487449771166474
-2.1915931996933278 -6.469839278316645
-2.186705967391169 -6.452253161445202
-2.1818183301121956 -6.434689102005993
-2.176930910001671 -6.417149617759767
-2.172043017673668 -6.399632518458647
-2.1671552776012435 -6.382140327370662
-2.1622676624356276 -6.364673228387899
-2.157380152751467 -6.347231434949036
-2.1524927367117925 -6.329815188511321
-2.1476047996585232 -6.312422587808609
-2.1427175709573905 -6.29505829180412
-2.137829846124917 -6.277718305470337
-2.132942250365297 -6.26040513586571
-2.128054804849813 -6.243119141551391
-2.1231669598156175 -6.225858665521158
-2.118279337304518 -6.208626190482292
-2.1133919747579366 -6.191422128017597
-2.108504357031183 -6.174244947069732
-2.103616549972643 -6.157088541315803
-2.098729168631968 -6.139961656640597
-2.0938417293890863 -6.122863218211066
-2.0889543097792247 -6.105793876102427
-2.0840664636720163 -6.088752456476122
-2.0791788140053358 -6.071741515877439
-2.0742914476445575 -6.0547617365976105
-2.069403944680845 -6.0378120443849745
-2.0645159106013082 -6.020891464806756
-2.0596284700976666 -6.004004279162989
-2.0547407341864763 -5.987147802573993
-2.0498533214123986 -5.970324558273795
-2.0449658663237513 -5.953533676318608
-2.040078026397503 -5.936774375218746
-2.0351904231861537 -5.920049178469583
-2.0303031918395473 -5.903358932622208
-2.025415547156359 -5.886701346054105
-2.020527656246898 -5.870077383461835
-2.0156401360809353 -5.853489528439943
-2.0107526926447243 -5.836937162742085
-2.005865051620569 -5.820414537785874
-2.0009773929971155 -5.803922590109169
-1.99609161727652 -5.78747329183273
-1.9912040140931742 -5.771054674784113
-1.9863160944493328 -5.754672366992877
-1.9814284776572333 -5.738328975489618
-1.9765376477904828 -5.722013312194256
-1.9716524584412547 -5.705755420326117
-1.9667652841741963 -5.689530417598699
-1.9618767994066222 -5.673341124047717
-1.9569876566673252 -5.657190267866172
-1.9521023764855894 -5.641093285811285
-1.9472137466501622 -5.625026951780255
-1.9423262902989444 -5.609006703509155
-1.9374405771101575 -5.593034914606667
-1.93254972073794 -5.577089661729672
-1.9276655316790152 -5.561209970956541
-1.922777489588947 -5.5453621398736965
-1.917889926021601 -5.529560794744914
-1.9129998792040093 -5.513796921361644
-1.9081150707336965 -5.498095263960045
-1.903225508012676 -5.4824106121407645
-1.8983388314009426 -5.466782019915451
-1.893452155333075 -5.4512009387478635
-1.888562728061922 -5.435659361447806
-1.8836745727604025 -5.420170828550428
-1.8787882560911169 -5.404737822243726
-1.8739010767113957 -5.389352531906224
-1.8690136717894208 -5.374017718754703
-1.8641266574269817 -5.358736053247658
-1.8592374884519365 -5.3435003459893755
-1.8543499511928583 -5.328323145318671
-1.8494615293748164 -5.313197365140173
-1.8445758977581614 -5.298135081260746
-1.8396875668204824 -5.283120102242642
-1.834800203958147 -5.268164451938779
-1.8299114500317444 -5.253261642554163
-1.825024863084802 -5.238423222909545
-1.8201381092272757 -5.223642777441695
-1.815248964226308 -5.208914321277387
-1.8103609231103197 -5.194249090302041
-1.8054745580809344 -5.179635858650117
-1.8005876778064913 -5.165072139495665
-1.7956981945962598 -5.150562227662399
-1.7908121699484316 -5.136125049257232
-1.7859247914971916 -5.121747298980846
-1.78103671278806 -5.107431893066585
-1.7761485659350031 -5.093181649031221
-1.7712609620907962 -5.078999285501008
-1.7663744919174984 -5.064887421903652
-1.7614847107029499 -5.050834199165469
-1.7565972970822514 -5.036856878339724
-1.7517103292169596 -5.0229508108725005
-1.7468219763453496 -5.0091116988620525
-1.741935290697828 -4.995349049029879
-1.7370484548172667 -4.981658558589352
-1.7321597381603966 -4.96803624817179
-1.7272721299697398 -4.954491257778228
-1.722386202137174 -4.9410258666375615
-1.7174979747067498 -4.927629839087344
-1.7126103736996718 -4.914311906450844
-1.707721771327027 -4.901062346023647
-1.7028350007759379 -4.887852472712058
-1.697946276882536 -4.874714145947547
-1.6930605578414601 -4.861661779034955
-1.688171997434845 -4.848680844949261
-1.6832854879284722 -4.835785425787056
-1.6783974274992637 -4.822967049721422
-1.6735084764967194 -4.810228523427056
-1.6686212985874986 -4.797577741527624
-1.6637344411880404 -4.785011823435214
-1.658846522223251 -4.772528117814188
-1.6539581857422077 -4.760129134790042
-1.6490719903452415 -4.747822080005376
-1.6441846448842292 -4.73559932536637
-1.6392967961288851 -4.72346313740727
-1.63440906956766 -4.711415590633907
-1.629520219308345 -4.699454047426922
-1.624632721668521 -4.687584848559977
-1.6197453310115313 -4.675805085649351
-1.6148586523953417 -4.664116204330619
-1.6099715014137306 -4.652515211396854
-1.6050827529522436 -4.640920330482318
-1.6001947988988376 -4.629371876845538
-1.5953082216980108 -4.617910936245028
-1.590420201470908 -4.6065316412714035
-1.5855330672785568 -4.59524008961891
-1.5806457446221382 -4.584034347260523
-1.5757572132493693 -4.572912572869636
-1.5708697391157915 -4.5618802672556775
-1.565982297063444 -4.550935295117529
-1.5610954946558087 -4.540079057454502
-1.5562067928101053 -4.529305839042757
-1.5513199549331078 -4.518623640407204
-1.5464324708910475 -4.508026442029264
-1.5415449707784705 -4.497514898733221
-1.536656569465713 -4.4870861482083555
-1.5317693834465986 -4.476743434678258
-1.5268810588014017 -4.466480201639366
-1.5219936869900854 -4.456298930817431
-1.517106416447996 -4.446195532617315
-1.5122184398294398 -4.436165648771661
-1.5073317861425959 -4.426153618515313
-1.5024442575828156 -4.416033374639674
-1.4975564918537607 -4.405969376228898
-1.4926691055778074 -4.3959616743096435
-1.487781359504841 -4.386007331429701
-1.482893874320943 -4.376105964649244
-1.4780059444677736 -4.3662542536797835
-1.4731181935178619 -4.356451299653845
-1.4682312242751239 -4.346695849838897
-1.463343094842154 -4.336981272629152
-1.4584557006934329 -4.327308242755718
-1.4535683919226567 -4.3176720012502745
-1.4486805539778074 -4.308067484580375
-1.4437928132024624 -4.29849164660389
-1.4389057751101961 -4.288940930173988
-1.434017665283226 -4.279406642311418
-1.4291302947591795 -4.269886564694316
-1.424241940546029 -4.260371025073428
-1.4193543848844956 -4.250856576523862
-1.4144670820840273 -4.241332248760401
-1.409579517097673 -4.231592024727311
-1.404692307303391 -4.221829892737215
-1.3998049590428574 -4.212040987646417
-1.3949170072998969 -4.2022203455548715
-1.3900290809277878 -4.192365054356754
-1.385141787892627 -4.182472036981949
-1.3802546733314136 -4.172535936281776
-1.3753662783348422 -4.162549191032832
-1.370479292814194 -4.152512592828086
-1.365591255024157 -4.142416264895067
-1.360703805273844 -4.132258649109349
-1.3558165472991894 -4.122033896822355
-1.3509291089466853 -4.111736097841173
-1.346041141388501 -4.101326665107342
-1.3411532710178813 -4.09080749956614
-1.3362661033958667 -4.080209094067012
-1.3313783608041585 -4.069527687061718
-1.3264906710709081 -4.058764048285423
-1.3216027304362963 -4.047917357887617
-1.316715156043863 -4.0369893256539635
-1.311827653957114 -4.025980167288437
-1.306939949935945 -4.014890690812502
-1.302052659409978 -4.003719273720931
-1.2971655163301237 -3.9924730778211255
-1.2922774217980046 -3.9811544454659833
-1.287389858005182 -3.969771768040557
-1.2825025836920823 -3.958330344123755
-1.2776145518160729 -3.946834491905725
-1.2727272101637257 -3.935298109361148
-1.2678395350483962 -3.9237298999005263
-1.262952146255398 -3.9121341243054486
-1.2580648561154464 -3.9005197768932405
-1.2531767139894996 -3.8888951434822974
-1.2482891263127327 -3.877275300400507
-1.2434019227084128 -3.8656841942023576
-1.2385141946852456 -3.854121706613271
-1.233626568387716 -3.8425996731029133
-1.2287389137357434 -3.831131242211619
-1.223851113208352 -3.819731707661933
-1.2189637804100626 -3.8084325455363612
-1.2140760864299909 -3.797229823620287
-1.2091886519807107 -3.786138920197174
-1.2043013819103687 -3.775174823299445
-1.1994135045618453 -3.7643639962832447
-1.1945256488864933 -3.753716246659899
-1.1896384229469137 -3.7432402840756676
-1.1847504207002246 -3.732947330695808
-1.1798629338798354 -3.722865898111076
-1.1749752544787302 -3.713003958279429
-1.1700879976068272 -3.7033667985891174
-1.1652004871786414 -3.6939646486496036
-1.1603127120661516 -3.684821505147862
-1.1554252898086943 -3.6759390921271504
-1.150537588877992 -3.6673194198329773
-1.1456502272500952 -3.6589717440821863
-1.140762601164739 -3.6509105696762396
-1.1358747342719155 -3.6431272887313937
-1.1309872433525325 -3.6356233636048954
-1.1260995633522832 -3.628401531177267
-1.1212123092651218 -3.6214584144379955
-1.1163243724481555 -3.6147831046748484
-1.1114369457135576 -3.6083688392792292
-1.1065495106454677 -3.602204430854455
-1.1016615784646682 -3.5962749792315414
-1.09677431718383 -3.590564910924337
-1.091886703215225 -3.5850473443931272
-1.0869988263397872 -3.5797045930662
-1.0821113040758317 -3.57451318577901
-1.0772236956891705 -3.5694353153119622
-1.0723360997252125 -3.5644423474972857
-1.0674486171942004 -3.5595075503781937
-1.0625608498014505 -3.554586029711614
-1.057673415753278 -3.5496359004421834
-1.052785931763579 -3.5446310923513296
-1.0478985231997913 -3.5395250716632085
-1.043010837158594 -3.534264123817684
-1.0381230174297187 -3.528827458225986
-1.0332356772202194 -3.523172662733219
-1.028348018436063 -3.5172426612100884
-1.0234602019620591 -3.511025425134249
-1.0185728418008941 -3.5044887148809303
-1.0136851868081376 -3.4975836099466693
-1.0087978554791075 -3.4903118250940146
-1.0039101309881218 -3.482655939185829
-0.9990239350774408 -3.4745908082917687
-0.9941333981246151 -3.4661236479655266
-0.9892464764855823 -3.457273757237787
-0.9843594692497906 -3.448035250608942
-0.9794729877254371 -3.438443420896534
-0.9745835266421589 -3.428520826908663
-0.9696958445445825 -3.418310668145972
-0.964810491091552 -3.407861117086591
-0.9599200766257144 -3.397207890797408
-0.9550332104627063 -3.3864352941021343
-0.9501465112626558 -3.3755861934970484
-0.9452605818363714 -3.3647294902828127
-0.9403722188980466 -3.3539479528187566
-0.9354821122167625 -3.3432851778626347
-0.9305946308225617 -3.3328252155892146
-0.9257102962076346 -3.322668696304516
-0.9208223730881375 -3.31282461823591
-0.9159351680449046 -3.303372301890477
-0.9110457271792375 -3.294397295499709
-0.9061582330878719 -3.2859049065161408
-0.9012697699536155 -3.2779432936241384
-0.89638440006929 -3.270579913528338
-0.8914958629390277 -3.2637765730345096
-0.8866082177214204 -3.257560614078936
-0.8817220435109246 -3.2519466938518953
-0.8768313585733466 -3.2468766329215333
-0.8719466242680181 -3.242334940821135
-0.8670586574631224 -3.2382729414104543
-0.8621713362434192 -3.2346250324529917
-0.857282121193075 -3.231305504163743
-0.8523947760490039 -3.2282314237671796
-0.8475067903504601 -3.22532225293869
-0.8426187941942648 -3.2224401234257094
-0.837731396761941 -3.219479875431537
-0.8328451867900942 -3.216366276894154
-0.8279578106135578 -3.2129308892810053
-0.8230699155494945 -3.2090872844669605
-0.8181821276214006 -3.20478431004973
-0.8132950520294652 -3.1998737607017627
-0.8084064798408922 -3.1943248294383877
-0.8035198322998519 -3.188138965905914
-0.7986301906568778 -3.181232529807869
-0.7937436658034195 -3.1736639430996174
-0.7888554209672388 -3.165487602861369
-0.7839687630800942 -3.1567420657088725
-0.7790816364434473 -3.14753278059342
-0.7741946651283697 -3.137977345250071
-0.7693058991937408 -3.1282231762170287
-0.7644185320028589 -3.118384261456211
-0.759530629312237 -3.1085954501157516
-0.754642817699747 -3.0991003688278216
-0.7497557029074619 -3.089930507839419
-0.7448674567803775 -3.081211292430285
-0.7399811123232598 -3.0731893942510218
-0.7350924949990878 -3.0657936274684907
-0.730204622733896 -3.0591029385129174
-0.7253180795805814 -3.053257123564744
-0.7204311482403335 -3.048121707034293
-0.7155421940965082 -3.0436707809023886
-0.710654124189668 -3.0398845234781566
-0.7057675180243709 -3.0366123003437604
-0.7008807542831429 -3.0337080697695193
-0.6959922899326084 -3.0310035165157707
-0.6911049229423192 -3.028383810556118
-0.6862171168448029 -3.025615489104892
-0.6813294949815865 -3.0224876033338215
-0.6764426599318033 -3.0189643439970015
-0.6715551553425414 -3.014824536506256
-0.6666676120920229 -3.009947729218629
-0.6617786468697276 -3.0044046960220725
-0.6568908870324635 -2.9981165014609314
-0.6520029524156731 -2.991123965260466
-0.6471154576334346 -2.9835905900462296
-0.6422289967327357 -2.975643870507222
-0.6373403752669862 -2.9674277039574553
-0.6324540002450278 -2.9591221156736673
-0.6275667208045502 -2.9510160568314894
-0.6226791755359875 -2.943219366284914
-0.6177901806750464 -2.935818317580018
-0.6129039557484377 -2.929133541925665
-0.6080157334759884 -2.923115240188683
-0.603127930542344 -2.9177253150964164
-0.5982411417885057 -2.913098843770512
-0.5933525365343447 -2.9090681812627905
-0.5884644677906729 -2.905488787111925
-0.5835775266063461 -2.9021882621707524
-0.5786906378225207 -2.8990372501058594
-0.573802780372081 -2.8958618203959325
-0.5689145951966633 -2.892269286910223
-0.5640267020817273 -2.88832563215075
-0.5591397001270907 -2.8839344760025907
-0.5542526121163488 -2.8787895842368645
-0.5493645107184505 -2.8731257915882646
-0.5444775599140077 -2.8670048019475667
-0.5395893210753971 -2.8604585804477454
-0.5347019334896566 -2.8536840238238685
-0.5298145065512468 -2.846870180300505
-0.5249261956977196 -2.8403152618361234
-0.5200390774394065 -2.8339976334765598
-0.5151508764548168 -2.8280739433400006
-0.5102636438029049 -2.82281753864203
-0.5053765654207212 -2.8180088138242803
-0.5004888697720931 -2.8136253717910864
-0.4956011860717177 -2.8096636421579695
-0.49071412264117326 -2.80593316596288
-0.4858256088511005 -2.802249226800891
-0.48093893065109183 -2.7983613114740002
-0.476050736415203 -2.794302523581762
-0.4711629705144993 -2.7899339249955166
-0.4662762274776597 -2.7850378793324917
-0.4613885686555222 -2.77983030699381
-0.45650063315910105 -2.7743712416811697
-0.45161303898567 -2.7687273588401555
-0.4467251686743392 -2.763019789881673
-0.44183764018023425 -2.757399025905734
-0.436949863040036 -2.7521585518548135
-0.43206245426139217 -2.7471481162245714
-0.4271748488912699 -2.742392922966141
-0.4222876621451356 -2.738056400461901
-0.41740035316551627 -2.7339293595568446
-0.41251241180227144 -2.729919713906724
-0.40762446786429035 -2.725812510921554
-0.402737130251979 -2.721638065928298
-0.3978499019152954 -2.717354498147416
-0.39296231441157625 -2.7127668194312
-0.38807392699634236 -2.7079584391395453
-0.3831864246789231 -2.7030347906437857
-0.3782993489982293 -2.698099552588813
-0.37341124205231874 -2.6932117639583866
-0.3685237615851528 -2.688382090586335
-0.36363649216444577 -2.6837020648908796
-0.35874904329814 -2.679315808197202
-0.3538610486264803 -2.6750577194915275
-0.34897313510399075 -2.670884730849762
-0.34408590884018386 -2.666689467955096
-0.339198058805787 -2.662483060025532
-0.33431115225653096 -2.6582509068105704
-0.32942298447917673 -2.6539147825099754
-0.32453604003532616 -2.6494333304847446
-0.31964816684890746 -2.6449039580095985
-0.31476090103064586 -2.640364826699519
-0.30987305806545706 -2.6359555016739
-0.3049852658914523 -2.6316222374076164
-0.30009813158096815 -2.6273394028494303
-0.29521052775211665 -2.623105015115322
-0.29032223124414247 -2.6189371424212884
-0.28543471195229714 -2.6148013945256983
-0.28054772415638557 -2.6106815107328383
-0.27566022006497215 -2.6065457285640767
-0.27077201533513234 -2.6023242625200567
-0.26588454320717025 -2.598086291110418
-0.26099680379393825 -2.5938428833780383
-0.25610941470779375 -2.5896112846247457
-0.2512221984539648 -2.5854942647893906
-0.24633422622599335 -2.5814084268377644
-0.24144688918280094 -2.5773480849772836
-0.23655927730258816 -2.573305287635926
-0.23167126801863547 -2.5692578788599767
-0.22678421546021485 -2.5652036659776787
-0.22189652463704007 -2.561152327045544
-0.2170088254590968 -2.557105559414915
-0.21212101913567674 -2.5530657961487186
-0.2072337179876728 -2.5490664895506194
-0.20234612974189595 -2.545096193116762
-0.19745818831782053 -2.5411386026744123
-0.1925711908909396 -2.537192378099001
-0.18768303832774988 -2.533254088011578
-0.18279570102324375 -2.5293287396489026
-0.1779077979827585 -2.525429838741861
-0.17302060363962463 -2.52153877868934
-0.16813278416286281 -2.517652203338714
-0.16324560152981962 -2.513769570266928
-0.15835776699699106 -2.5098892129629995
-0.15346991098103718 -2.506012067198422
-0.14858264297743629 -2.5021403214890405
-0.14369473818146394 -2.498276198196928
-0.13880742438353885 -2.494425586109262
-0.13392010822607636 -2.4905949249635118
-0.1290322292813175 -2.486792977789087
-0.12414441502415176 -2.4830320543700215
-0.11925727207376847 -2.479327412053772
-0.11436969124858677 -2.4756819618552117
-0.10948173695208777 -2.471891979268429
-0.1045945829611522 -2.468104695695206
-0.09970662572543991 -2.464323427991585
-0.09481904099268297 -2.4605556685951724
-0.08993135664794631 -2.456809960623737
-0.08504418471661958 -2.4530983394212265
-0.08015654973948334 -2.4494346730775662
-0.07526855930914138 -2.4458371278661577
-0.07038134475830199 -2.4423285332902718
-0.06549346893425545 -2.4389343377220447
-0.06060606191320653 -2.4351931900413764
-0.05571823551119045 -2.4314317421385003
-0.05083110064199978 -2.427659751506436
-0.04594331183698543 -2.4238824383121216
-0.04105549956321224 -2.420109018079378
-0.036168273365820285 -2.4163515150246497
-0.03128035541882576 -2.4126237269108692
-0.026392838998778503 -2.4089449344822507
-0.021505406748895232 -2.4053374967098065
-0.016617762030386462 -2.401828526715012
-0.011730074415840253 -2.3984508479641358
-0.0068425128576019454 -2.3952433673822298
-0.0019552455894646286 -2.3922519196301733
0.002934579566123028 -2.3894532639557773
0.007820296564607504 -2.385629004322889
0.012706495041575647 -2.3817532209719046
0.01759672136598556 -2.377827257410841
0.022481984478796124 -2.373865104618681
0.027369996708442756 -2.369870202073217
0.03226005794379901 -2.3658560639216586
0.03714750363255473 -2.3618432565160927
0.042031811971807616 -2.357853157777058
0.04692027604826493 -2.3539055729196185
0.05180829431709158 -2.350035445549154
0.05669527273665054 -2.3462804930804224
0.06158440615542073 -2.3426825333172347
0.06647128716802174 -2.3392968853349916
0.07135906702950576 -2.336182357103897
0.07624710714541258 -2.3334108789581265
0.08113479002454638 -2.3310662000664997
0.0860215188085119 -2.329245823790443
0.09091023950315437 -2.328062840143218
0.09579679360480221 -2.325336038551743
0.10068408903281421 -2.3211789443937016
0.10557149260461497 -2.316928603772064
0.11045839211608734 -2.3125952636283813
0.11534752582709888 -2.3081899547437326
0.1202349176217053 -2.303734019326669
0.1251232725519979 -2.299247574214038
0.13000873027908286 -2.2947620957463637
0.13489714583718995 -2.2903061592649534
0.1397846642937 -2.285923992595108
0.14467381929201714 -2.281661644149754
0.1495608695523384 -2.2775791857539844
0.15444831970518494 -2.273740956996219
0.15933554784409912 -2.2702250645236073
0.1642219527898186 -2.2671222048006534
0.16910989584544175 -2.2645362881585562
0.17399871713168158 -2.2625910306675294
0.17888490162294657 -2.261431415574877
0.18377361776745926 -2.261225748912113
0.18866135971247913 -2.262175669265528
0.1935475510599819 -2.2629849819898396
0.1984371353255615 -2.2606015571253386
0.2033239517975249 -2.2582303752832207
0.20821017285428667 -2.255859066543129
0.21309786889449517 -2.253474809934418
0.21798638222884587 -2.2510656418283137
0.22287507669381906 -2.2486192055778877
0.22776076665365935 -2.2461241836525847
0.23264802740449023 -2.243565129523872
0.2375361982426685 -2.2409291450390576
0.24242464005298248 -2.238203438969125
0.24731273483840463 -2.235375518087055
0.252199885249434 -2.2324334023858943
0.2570879168031162 -2.229364323229387
0.26197381560093186 -2.2261595079555763
0.26686174281872393 -2.222806745828091
0.27174869938417046 -2.2193001051674783
0.2766364060049881 -2.2156323000610176
0.2815242290540227 -2.2117999489116653
0.2864115558959781 -2.207802378165085
0.29130001509414283 -2.203640112352594
0.2961867642258372 -2.201118954829203
0.3010755941907003 -2.1989590016934617
0.305963679811073 -2.1968031749579495
0.3108504369321215 -2.1946395266779506
0.31573740044679666 -2.1924546575957904
0.32062603072836454 -2.190234717031703
0.3255136109269094 -2.1879673763474834
0.3304015966976883 -2.1856381452616658
0.33528936574524865 -2.1832333519462956
0.34017631651454 -2.180739364142425
0.34506382982224615 -2.17814171413983
0.3499512783389577 -2.1754273339650543
0.35483805558463916 -2.17258381848943
0.35972547242559716 -2.169598509385736
0.36461477474127935 -2.1664597924009255
0.3695015811362052 -2.163161251009788
0.3743890340443605 -2.159693426124481
0.3792765033713416 -2.156051505793176
0.38416337993350674 -2.152233360451988
0.3890526211897508 -2.148237012863604
0.39394003282625106 -2.144902664358879
0.39882680060012893 -2.142929630455027
0.403714051742374 -2.140965298736188
0.4086028566991793 -2.138996775979326
0.4134892025907399 -2.137012631606784
0.4183775348030231 -2.1349974835566243
0.42326553965676783 -2.1329382424867496
0.4281526191827562 -2.1308208046282116
0.4330397979079518 -2.128630142813589
0.4379280483804565 -2.1263511094598866
0.4428151594506398 -2.123970145180515
0.44770210954707745 -2.121472514063846
0.45258982734322006 -2.1188439354265434
0.4574776786219466 -2.116071705616086
0.4623650501712614 -2.1131442490761856
0.4672528302360654 -2.1100504886122136
0.4721403965001825 -2.1067820046881947
0.47702859534617176 -2.1033315329801594
0.4819153651083745 -2.0996964435925176
0.48680297631716285 -2.0958739386648526
0.4916907923473557 -2.0918667743569106
0.49657819763171973 -2.089859832818216
0.5014659659245377 -2.0880672456874447
0.5063534764248045 -2.086276514151557
0.5112414673058152 -2.084474078648733
0.5161293137865635 -2.0826462854108
0.5210164118822866 -2.080778966874848
0.5259047656158263 -2.07885651714304
0.5307911656151167 -2.076865071162404
0.5356788636290919 -2.074788001702432
0.5405672078426955 -2.072610207277417
0.5454543309518054 -2.0703174028768494
0.5503421110756574 -2.0678940068456626
0.5552299176482346 -2.0653262567532154
0.5601171410275846 -2.062601416000195
0.5650043744693762 -2.059707388664665
0.5698921782991478 -2.056633662460554
0.5747799248178681 -2.0533724870265555
0.5796681503721631 -2.049917817994727
0.5845550997468498 -2.046268190465758
0.5894424423481275 -2.0424230471725022
0.5943306617649716 -2.0394892194898055
0.5992180271054577 -2.037851174376245
0.6041050387583752 -2.0362207123280065
0.6089932370819459 -2.0345838777587386
0.613880917186478 -2.0329271402828226
0.6187685323183191 -2.0312356587238427
0.6236554759416391 -2.029494458127243
0.628543204920204 -2.0276874243382528
0.6334310844465486 -2.0257989128157954
0.6383185007316047 -2.023813205368465
0.6432058481294989 -2.02171428181848
0.6480934968765368 -2.019486405313687
0.6529817938761348 -2.017114367578642
0.6578691538538797 -2.014584791210703
0.6627568875621089 -2.011884038309413
0.6676443738567978 -2.00900099045715
0.6725319354150361 -2.0059259344784577
0.6774189610654312 -2.0026520992720385
0.6823066652531515 -1.9991742846229037
0.6871944167262183 -1.995491811224943
0.6920824876461212 -1.9916071822915973
0.6969693859463912 -1.9900895152998457
0.7018571306323245 -1.9886031070086554
0.7067450848644308 -1.987116577612096
0.7116326328670768 -1.9856158764702145
0.7165200136475606 -1.984086038926538
0.72140744900564 -1.9825115233797124
0.7262951441267748 -1.9808763049595597
0.7311824816648648 -1.9791642844734667
0.7360704598415615 -1.9773585931904394
0.7409576600154865 -1.9754432314391284
0.7458458386388596 -1.9734011680379733
0.7507328123367847 -1.9712174382270518
0.7556210621229906 -1.9688757682032285
0.7605084290346681 -1.966363062917749
0.7653958245785281 -1.9636661941105356
0.7702833762502989 -1.9607741736856479
0.7751711990063854 -1.957678224460863
0.7800586750771927 -1.9543727460332894
0.7849459199187885 -1.950854881883273
0.7898337418796523 -1.9471249168570195
0.7947215130304763 -1.9445805186279865
0.7996093152377404 -1.943223829440928
0.8044965387081444 -1.9418734494611294
0.8093839413023314 -1.9405148681008926
0.8142715745198562 -1.9391330495332324
0.8191594806103012 -1.9377123056714283
0.8240470417135765 -1.9362365873199923
0.8289343045568885 -1.9346892225809642
0.8338219439616897 -1.9330530289971983
0.838709968339652 -1.9313108898204197
0.8435971334966624 -1.929446258633468
0.8484847062367066 -1.92744198873777
0.8533726730642657 -1.9252819714210507
0.8582598101724664 -1.922951609582708
0.8631473220851602 -1.920436463959996
0.8680351762096369 -1.9177242809568749
0.8729227524032233 -1.914805259397722
0.8778106020258974 -1.9116714794562548
0.8826981072201893 -1.9083188000102078
0.8875857959664102 -1.9047459049972018
0.8924730534508953 -1.9011478514924516
0.8973609356632493 -1.8999075105740462
0.9022482691500466 -1.8986798819869088
0.90713607704338 -1.8974504074950531
0.9120232030138383 -1.8962043049245874
0.9169111646459709 -1.894925395195279
0.9217988053961572 -1.8935975526114357
0.926686041374941 -1.8922038652747948
0.9315738026869139 -1.8907267277820632
0.9364614631447523 -1.8891487549198824
0.9413489144777002 -1.887452400848495
0.9462365380520509 -1.885620148563045
0.9511242054808605 -1.8836351250122827
0.95601178718389 -1.8814812550123718
0.9608991525364696 -1.8791436124798886
0.9657871097960958 -1.8766083029900562
0.9706745658592942 -1.8738643427219603
0.9755618475979041 -1.8709024493492712
0.9804497151063626 -1.8677158915086078
0.9853370909435745 -1.8643025542055782
0.9902247153710303 -1.860663121428389
0.9951124106498267 -1.8568034760752143
1 -1.8527347438269128
